900	3.2628	0.1776
901	3.2996	0.1481
902	3.2985	0.1385
903	3.3069	0.1455
904	3.3317	0.1578
905	3.3309	0.1584
906	3.3462	0.1592
907	3.3706	0.1543
908	3.3804	0.1417
909	3.3916	0.1413
910	3.4046	0.1424
911	3.4148	0.1419
912	3.4297	0.142
913	3.4552	0.142
914	3.4577	0.142
915	3.4663	0.142
916	3.4954	0.142
917	3.5197	0.142
918	3.5333	0.142
919	3.5416	0.142
920	3.5594	0.142
921	3.5843	0.142
922	3.5843	0.1416
923	3.5963	0.1436
924	3.6252	0.1386
925	3.6482	0.1259
926	3.6611	0.1252
927	3.6713	0.1264
928	3.6875	0.1259
929	3.7134	0.126
930	3.74	0.126
931	3.7426	0.1261
932	3.7504	0.1257
933	3.7781	0.1263
934	3.8023	0.1269
935	3.8259	0.1161
936	3.852	0.1094
937	3.872	0.1113
938	3.8834	0.1111
939	3.907	0.1109
940	3.9237	0.111
941	3.9375	0.111
942	3.9633	0.111
943	3.9873	0.111
944	4.011	0.111
945	4.0358	0.111
946	4.06	0.111
947	4.0836	0.111
948	4.1079	0.111
949	4.1321	0.1109
950	4.1557	0.1111
951	4.1802	0.1113
952	4.2045	0.1094
953	4.2293	0.1163
954	4.2515	0.127
955	4.2752	0.1263
956	4.3228	0.1256
957	4.3596	0.1265
958	4.3792	0.1253
959	4.4044	0.1256
960	4.4301	0.138
961	4.4496	0.1436
962	4.4836	0.1416
963	4.5323	0.142
964	4.5552	0.142
965	4.5973	0.1423
966	4.6391	0.1413
967	4.6611	0.1425
968	4.6969	0.1544
969	4.7338	0.169
970	4.7698	0.1752
971	4.806	0.1739
972	4.8411	0.1741
973	4.8883	0.1728
974	4.9322	0.1786
975	4.966	0.1935
976	5.002	0.2048
977	5.0488	0.2023
978	5.0974	0.2193
979	5.1465	0.2393
980	5.1949	0.2369
981	5.2302	0.2482
982	5.2738	0.2596
983	5.3221	0.2778
984	5.3715	0.3004
985	5.4344	0.299
986	5.4728	0.3146
987	5.5234	0.3437
988	5.5968	0.3648
989	5.6445	0.3771
990	5.7001	0.3873
991	5.7642	0.4053
992	5.8197	0.4305
993	5.8676	0.4548
994	5.9349	0.4796
995	6.0113	0.5023
996	6.0798	0.5286
997	6.1392	0.5663
998	6.2003	0.6065
999	6.2583	0.6238
1000	6.3569	0.6736
1001	6.4754	0.7583
1002	6.4981	0.7585
1003	6.5573	0.784
1004	6.6487	0.8415
1005	6.7172	0.8875
1006	6.7895	0.9366
1007	6.858	0.9835
1008	6.9444	1.0372
1009	7.0386	1.0986
1010	7.1088	1.1582
1011	7.2018	1.2281
1012	7.2947	1.3001
1013	7.3772	1.375
1014	7.4625	1.4606
1015	7.5325	1.5446
1016	7.6199	1.63
1017	7.7157	1.7118
1018	7.7984	1.797
1019	7.8957	1.9164
1020	7.9836	2.0309
1021	8.0707	2.1396
1022	8.1676	2.263
1023	8.2522	2.3955
1024	8.3387	2.5299
1025	8.4153	2.6594
1026	8.4895	2.7949
1027	8.5884	2.953
1028	8.6671	3.1078
1029	8.735	3.275
1030	8.8093	3.4597
1031	8.8819	3.6404
1032	8.9455	3.818
1033	8.9975	4.0122
1034	9.0449	4.2198
1035	9.0931	4.4246
1036	9.1325	4.6367
1037	9.1596	4.8724
1038	9.1827	5.1101
1039	9.2071	5.339
1040	9.2221	5.592
1041	9.2176	5.8355
1042	9.199	6.0838
1043	9.1727	6.3525
1044	9.1371	6.6164
1045	9.0961	6.8892
1046	9.0309	7.1703
1047	8.941	7.4436
1048	8.8563	7.7073
1049	8.7883	7.9958
1050	8.6912	8.2721
1051	8.5431	8.5385
1052	8.3661	8.83
1053	8.1842	9.1114
1054	8.0035	9.3809
1055	7.8021	9.6416
1056	7.5871	9.8942
1057	7.3702	10.147
1058	7.1372	10.3957
1059	6.8608	10.6262
1060	6.5906	10.841
1061	6.3211	11.0604
1062	6.0261	11.2615
1063	5.7139	11.4463
1064	5.3934	11.6258
1065	5.0558	11.7958
1066	4.7033	11.9413
1067	4.3538	12.0497
1068	4.0077	12.1469
1069	3.6481	12.2574
1070	3.2669	12.3278
1071	2.8925	12.3757
1072	2.5566	12.4514
1073	2.077	12.523
1074	1.6262	12.4586
1075	1.3829	12.4075
1076	1.0238	12.3842
1077	0.6302	12.3179
1078	0.2747	12.2486
1079	-0.0762	12.152
1080	-0.4523	12.0377
1081	-0.8036	11.913
1082	-1.13	11.7566
1083	-1.4553	11.5998
1084	-1.7817	11.4349
1085	-2.1001	11.248
1086	-2.4012	11.0439
1087	-2.6857	10.8196
1088	-2.9623	10.584
1089	-3.2338	10.3387
1090	-3.479	10.0845
1091	-3.7018	9.8367
1092	-3.918	9.5599
1093	-4.1138	9.2725
1094	-4.3016	9.0097
1095	-4.4706	8.7373
1096	-4.6111	8.441
1097	-4.7462	8.141
1098	-4.8629	7.854
1099	-4.9654	7.5661
1100	-5.059	7.2667
1101	-5.133	6.9699
1102	-5.1885	6.6819
1103	-5.2249	6.3918
1104	-5.2452	6.1117
1105	-5.2574	5.8347
1106	-5.2629	5.5591
1107	-5.2478	5.2947
1108	-5.2229	5.039
1109	-5.1992	4.7915
1110	-5.1417	4.5553
1111	-5.0874	4.3269
1112	-5.0365	4.0951
1113	-4.9619	3.8821
1114	-4.8778	3.6788
1115	-4.7915	3.474
1116	-4.7096	3.2919
1117	-4.6237	3.1132
1118	-4.5151	2.9337
1119	-4.4127	2.7685
1120	-4.3196	2.6248
1121	-4.2213	2.4772
1122	-4.1129	2.3452
1123	-4.0039	2.2251
1124	-3.8958	2.0897
1125	-3.7873	1.9877
1126	-3.679	1.8859
1127	-3.5706	1.7812
1128	-3.4593	1.6994
1129	-3.3561	1.6
1130	-3.2606	1.5256
1131	-3.14	1.4658
1132	-3.032	1.3922
1133	-2.9401	1.3455
1134	-2.8421	1.2788
1135	-2.7443	1.2159
1136	-2.6583	1.1827
1137	-2.5715	1.1332
1138	-2.472	1.1008
1139	-2.3734	1.0815
1140	-2.2994	1.0549
1141	-2.2164	1.0197
1142	-2.1204	0.977
1143	-2.049	0.9612
1144	-1.9762	0.9609
1145	-1.91	0.9353
1146	-1.8499	0.9204
1147	-1.7774	0.9085
1148	-1.6989	0.8993
1149	-1.6524	0.9002
1150	-1.6101	0.8899
1151	-1.5347	0.8752
1152	-1.4713	0.868
1153	-1.4209	0.869
1154	-1.3737	0.8691
1155	-1.3244	0.8689
1156	-1.2747	0.869
1157	-1.2382	0.869
1158	-1.1957	0.8689
1159	-1.1497	0.8694
1160	-1.1273	0.8679
1161	-1.0843	0.8701
1162	-1.0388	0.8824
1163	-1.0121	0.8859
1164	-0.9908	0.8839
1165	-0.9661	0.8841
1166	-0.9422	0.8824
1167	-0.9183	0.8907
1168	-0.8937	0.9014
1169	-0.8693	0.9001
1170	-0.8456	0.8997
1171	-0.8218	0.9001
1172	-0.7967	0.9
1173	-0.7737	0.9
1174	-0.7606	0.9
1175	-0.7518	0.9001
1176	-0.7318	0.8997
1177	-0.7104	0.9002
1178	-0.7123	0.9014
1179	-0.6936	0.8899
1180	-0.6711	0.8834
1181	-0.6614	0.8829
1182	-0.6489	0.8704
1183	-0.6379	0.868
1184	-0.6238	0.8687
1185	-0.6161	0.87
1186	-0.6171	0.8702
1187	-0.5927	0.8459
1188	-0.5817	0.8334
1189	-0.5826	0.8383
1190	-0.5683	0.8371
1191	-0.555	0.826
1192	-0.5532	0.811
1193	-0.5504	0.8044
1194	-0.5362	0.8048
1195	-0.5227	0.7942
1196	-0.5213	0.7784
1197	-0.5175	0.7751
1198	-0.5033	0.772
1199	-0.4911	0.7456
1200	-0.4803	0.7405
