25000	2.27461
24390.2439	2.27014
23809.52381	2.2662
23255.81395	2.2628
22727.27273	2.26027
22222.22222	2.25682
21739.13043	2.25342
21276.59574	2.25168
20833.33333	2.24865
20408.16327	2.24619
20000	2.24385
19607.84314	2.24167
19230.76923	2.23918
18867.92453	2.23784
18518.51852	2.23565
18181.81818	2.23392
17857.14286	2.23219
17543.85965	2.23114
17241.37931	2.22977
16949.15254	2.22815
16666.66667	2.22654
16393.44262	2.22538
16129.03226	2.22436
15873.01587	2.22266
15625	2.22174
15384.61538	2.2212
15151.51515	2.21989
14925.37313	2.2198
14705.88235	2.21834
14492.75362	2.21751
14285.71429	2.21638
14084.50704	2.21533
13888.88889	2.21504
13698.63014	2.21379
13513.51351	2.21239
13333.33333	2.21102
13157.89474	2.21043
12987.01299	2.21004
12820.51282	2.20811
12658.22785	2.20846
12500	2.20686
12345.67901	2.20704
12195.12195	2.20757
12048.19277	2.20769
11904.7619	2.20638
11764.70588	2.20716
11627.90698	2.20722
11494.25287	2.20644
11363.63636	2.20546
11235.95506	2.2054
11111.11111	2.20484
10989.01099	2.2043
10869.56522	2.20371
10752.68817	2.20362
10638.29787	2.203
10526.31579	2.20258
10416.66667	2.20252
10309.27835	2.20208
10204.08163	2.20119
10101.0101	2.20086
10000	2.20101
9900.9901	2.20083
9803.92157	2.20104
9708.73786	2.1936
9615.38462	2.19215
9523.80952	2.19381
9433.96226	2.19292
9345.79439	2.19238
9259.25926	2.19312
9174.31193	2.19312
9090.90909	2.19212
9009.00901	2.19247
8928.57143	2.19179
8849.55752	2.1904
8771.92982	2.1891
8695.65217	2.18913
8620.68966	2.18871
8547.00855	2.19046
8474.57627	2.19061
8403.36134	2.18892
8333.33333	2.18859
8264.46281	2.1872
8196.72131	2.18667
8130.0813	2.18732
8064.51613	2.18596
8000	2.18561
7936.50794	2.18682
7874.01575	2.18848
7812.5	2.18661
7751.93798	2.1846
7692.30769	2.18437
7633.58779	2.18475
7575.75758	2.18534
7518.79699	2.18212
7462.68657	2.18333
7407.40741	2.18277
7352.94118	2.18339
7299.27007	2.18552
7246.37681	2.18304
7194.2446	2.18236
7142.85714	2.18168
7092.19858	2.18318
7042.25352	2.18357
6993.00699	2.18377
6944.44444	2.18171
6896.55172	2.18174
6849.31507	2.18073
6802.72109	2.18209
6756.75676	2.18442
6711.4094	2.18289
6666.66667	2.1812
6622.51656	2.1797
6578.94737	2.17893
6535.94771	2.17896
6493.50649	2.17993
6451.6129	2.18174
6410.25641	2.18076
6369.42675	2.17952
6329.11392	2.17917
6289.30818	2.17843
6250	2.17831
6211.18012	2.17866
6172.83951	2.17896
6134.96933	2.17689
6097.56098	2.17778
6060.60606	2.17725
6024.09639	2.17636
5988.02395	2.17583
5952.38095	2.17748
5917.15976	2.17681
5882.35294	2.17601
5847.95322	2.17568
5813.95349	2.17633
5780.34682	2.1761
5747.12644	2.1748
5714.28571	2.17518
5681.81818	2.17371
5649.71751	2.17489
5617.97753	2.17648
5586.59218	2.17471
5555.55556	2.17445
5524.86188	2.17506
5494.50549	2.17495
5464.48087	2.17347
5434.78261	2.1745
5405.40541	2.17253
5376.34409	2.17459
5347.59358	2.17477
5319.14894	2.17536
5291.00529	2.17468
5263.15789	2.17465
5235.60209	2.17359
5208.33333	2.1745
5181.34715	2.17415
5154.63918	2.17403
5128.20513	2.17403
5102.04082	2.17321
5076.14213	2.17362
5050.50505	2.17135
5025.12563	2.17185
5000	2.17253
4975.86704	2.13373
4952.947	2.13093
4929.75105	2.13274
4906.53059	2.13452
4883.28938	2.13496
4860.26731	2.14081
4837.2273	2.14561
4813.94117	2.14716
4790.87817	2.15335
4767.58045	2.16078
4744.50823	2.16352
4721.43532	2.16349
4698.14423	2.16313
4675.08181	2.16284
4652.02828	2.16284
4636.49852	2.16416
4613.39731	2.16337
4590.31444	2.1614
4567.04421	2.16193
4551.66136	2.16231
4528.57531	2.16164
4505.31627	2.16151
4489.94253	2.16277
4466.8781	2.16521
4451.3688	2.16769
4428.30573	2.17032
4412.86792	2.17226
4389.62293	2.16955
4374.26184	2.16384
4351.04207	2.15788
4335.57338	2.15988
4312.57547	2.16614
4297.00928	2.16779
4273.86956	2.16708
4258.58104	2.16602
4243.04141	2.16534
4219.94345	2.16345
4204.50723	2.16154
4189.00804	2.16208
4173.6227	2.16335
4150.58316	2.16534
4135.13625	2.16575
4119.63418	2.16537
4104.2479	2.16581
4088.80893	2.16634
4065.70174	2.16426
4050.22276	2.16337
4034.8612	2.16159
4019.2926	2.15886
4004.004	2.15792
3988.51308	2.15832
3973.14156	2.15955
3957.5748	2.16234
3942.28495	2.16481
3926.80437	2.16617
3911.2919	2.16562
3895.90151	2.1608
3880.48118	2.15633
3865.03305	2.15466
3849.70742	2.15535
3834.20881	2.15675
3818.83449	2.15855
3803.29365	2.15999
3787.87879	2.16046
3780.14667	2.16031
3764.77675	2.16114
3749.39072	2.16129
3733.85109	2.16214
3718.43974	2.1627
3710.71283	2.1622
3695.35494	2.15929
3679.85281	2.1572
3664.48019	2.15775
3656.70823	2.15875
3641.39538	2.15978
3625.94728	2.16031
3610.49933	2.15761
3602.82461	2.157
3587.31525	2.1573
3571.93885	2.15817
3564.17293	2.15926
3548.74197	2.16037
3541.07649	2.15937
3525.59583	2.15785
3510.12672	2.15848
3502.50429	2.15824
3486.99351	2.15633
3479.35006	2.1546
3463.92324	2.15193
3448.51369	2.15333
3440.80102	2.15371
3425.36138	2.15394
3417.635	2.1547
3402.17058	2.15653
3394.43313	2.15559
3379.06332	2.15421
3371.31684	2.1555
3355.92993	2.15612
3348.17692	2.15503
3340.45965	2.15388
3325.02078	2.15116
3317.29972	2.14984
3301.85564	2.14923
3294.13315	2.14988
3278.79603	2.15149
3271.07389	2.15184
3263.28156	2.15087
3247.91322	2.14767
3240.12572	2.14706
3232.47996	2.14647
3216.98568	2.14609
3209.34561	2.14652
3201.63924	2.14667
3186.13395	2.14418
3178.43748	2.14342
3170.77811	2.14327
3155.27088	2.14148
3147.62354	2.14048
3139.91459	2.13946
3132.14521	2.13727
3116.72121	2.13263
3109.06604	2.13175
3101.35219	2.13055
3093.58082	2.12886
3078.15434	2.12621
3070.40437	2.1244
3062.69333	2.12067
3055.02093	2.11542
3039.60607	2.1056
3031.8649	2.10122
3024.16306	2.09788
3016.40927	2.09742
3008.69513	2.10217
3001.02035	2.11332
2985.60936	2.14054
2977.87439	2.14184
2970.1794	2.13471
2962.43631	2.13206
2954.73348	2.14691
2946.98376	2.17394
2939.27459	2.19499
2931.60564	2.20362
2916.13204	2.20712
2908.41404	2.20517
2900.73679	2.20233
2893.01626	2.20023
2885.33672	2.19917
2877.61503	2.1974
2869.8522	2.19369
2862.13114	2.18906
2854.45152	2.18584
2846.73195	2.18568
2838.97343	2.18743
2831.25708	2.18842
2823.58256	2.18716
2815.87024	2.18442
2808.12109	2.18139
2800.41446	2.17897
2792.75002	2.1777
2784.97229	2.17587
2777.31489	2.1733
2769.54607	2.17141
2761.89687	2.17071
2754.13809	2.17039
2746.42278	2.16915
2738.75058	2.16753
2730.97195	2.16668
2723.31155	2.16624
2715.5465	2.16547
2707.82562	2.16474
2700.14851	2.16462
2692.44231	2.16518
2684.7079	2.16489
2677.0178	2.1635
2669.30038	2.16259
2661.55648	2.16197
2653.85738	2.16044
2646.13268	2.15891
2638.45281	2.15862
2630.67898	2.1583
2623.01962	2.15788
2615.26793	2.15765
2607.56193	2.15736
2599.83361	2.15739
2592.15097	2.15768
2584.4468	2.15745
2576.72189	2.15653
2568.97703	2.15544
2561.27859	2.15462
2553.56094	2.15439
2545.82485	2.1548
2538.13549	2.15521
2530.4284	2.15533
2522.70434	2.15504
2514.96404	2.15442
2507.27109	2.15395
2499.56258	2.15286
2491.83923	2.15096
2484.16346	2.1499
2476.41217	2.15031
2468.70911	2.15055
2460.99326	2.14955
2453.2653	2.14814
2445.58572	2.14709
2437.8352	2.14636
2430.13366	2.14648
2422.42194	2.14721
2414.7007	2.147
2406.97059	2.14562
2399.28981	2.14518
2391.5435	2.1458
2383.84705	2.14565
2376.14352	2.14548
2368.43352	2.14579
2360.71766	2.14301
2352.99654	2.14069
2345.27076	2.14157
2337.54091	2.14126
2329.86184	2.14062
2322.12521	2.14106
2314.38622	2.14094
2306.69865	2.13968
2298.95627	2.13805
2291.2657	2.13735
2283.57425	2.13723
2275.83068	2.13661
2268.13945	2.13594
2260.39783	2.13585
2252.70888	2.1357
2244.97126	2.1353
2237.28662	2.13454
2229.55498	2.13357
2221.82723	2.13203
2214.10384	2.12993
2206.38528	2.12858
2198.672	2.12852
2190.96446	2.12916
2183.26311	2.12913
2175.56837	2.12791
2167.83368	2.12665
2160.10714	2.12537
2152.38915	2.1242
2144.68012	2.12321
2136.98045	2.12245
2129.24518	2.12204
2121.52071	2.12169
2113.80739	2.12065
2106.1056	2.11931
2098.4157	2.11852
2090.69432	2.11695
2082.98617	2.11453
2075.24851	2.11369
2067.52538	2.11375
2059.81709	2.11253
2052.12395	2.11134
2044.40446	2.1109
2036.65988	2.10997
2028.97375	2.10817
2021.26369	2.10654
2013.53093	2.10538
2005.81687	2.10364
1998.12177	2.10173
1990.40624	2.09993
1982.67145	2.09741
1974.95754	2.09697
1967.26472	2.09645
1959.51639	2.09419
1951.82886	2.09187
1944.08803	2.09003
1936.37085	2.08792
1928.67751	2.08558
1920.97124	2.08272
1913.2531	2.07949
1905.52411	2.07589
1897.8213	2.07214
1890.10906	2.06809
1882.38837	2.06283
1874.66022	2.05763
1866.9604	2.0525
1859.25444	2.04631
1851.54326	2.04014
1843.82779	2.03408
1836.10892	2.02715
1828.38755	2.01808
1820.66454	2.00687
1812.94077	1.99524
1805.24967	1.98181
1797.5266	1.96503
1789.80527	1.94249
1782.08647	1.91459
1774.37099	1.87554
1766.6596	1.81322
1758.95307	1.71394
1751.22148	1.56308
1743.52716	1.48002
1735.80976	1.68725
1728.10064	2.21836
1720.37091	2.6853
1712.65136	2.72836
1704.94263	2.563
1697.24537	2.43247
1689.53166	2.36406
1681.80289	2.32529
1674.08846	2.29114
1666.36117	2.26238
1658.64986	2.24139
1650.95508	2.22296
1643.22335	2.20905
1635.5102	2.19934
1627.78962	2.18975
1620.0891	2.1797
1612.3831	2.17039
1604.64706	2.16304
1596.93389	2.15443
1589.21874	2.14432
1581.50274	2.13502
1573.787	2.12678
1566.0726	2.11983
1558.3606	2.11207
1550.65205	2.10308
1542.94796	2.09309
1535.22575	2.08124
1527.51046	2.06964
1519.80303	2.0531
1512.08153	2.03011
1504.3702	1.99384
1496.64751	1.95933
1488.9372	1.96855
1481.21815	2.01012
1473.51359	2.03647
1465.78133	2.03069
1458.08728	2.03092
1450.36839	2.0712
1442.64755	2.13679
1434.9261	2.22011
1427.22576	2.26424
1419.50686	2.22764
1411.79128	2.16381
1404.08026	2.12163
1396.35551	2.1051
1388.63816	2.11651
1380.92937	2.13359
1373.21139	2.12953
1365.50462	2.11537
1357.79169	2.10374
1350.07425	2.08866
1342.35395	2.07166
1334.65019	2.0522
1326.92869	2.03094
1319.209	2.00778
1311.49261	1.98022
1303.78096	1.94797
1296.07548	1.91065
1288.36095	1.86494
1280.6393	1.84107
1272.92863	1.88149
1265.2142	1.94056
1257.49783	1.94165
1249.78129	1.94489
1242.0663	2.02711
1234.35456	2.12227
1226.63265	2.12513
1218.9176	2.03197
1211.21097	1.89723
1203.49978	1.81915
1195.77175	1.89308
1188.05764	2.04024
1180.3449	2.09844
1172.63538	2.07964
1164.91735	2.0462
1157.2065	2.09086
1149.49135	2.36984
1141.77409	2.74711
1134.05686	2.89027
1126.34175	2.83549
1118.6308	2.75356
1110.91362	2.68147
1103.20481	2.61925
1095.48223	2.56628
1087.77235	2.52302
1080.05357	2.48796
1072.34006	2.47096
1064.62259	2.47847
1056.91487	2.48512
1049.19684	2.46118
1041.48224	2.42103
1033.77338	2.3893
1026.05145	2.36085
1018.34031	2.32602
1010.62163	2.28004
1002.90843	2.24169
995.22293	2.25697
987.45927	2.31782
979.7198	2.36044
972.00622	2.37488
964.32015	2.39784
956.66316	2.4194
948.94667	2.41893
941.17647	2.40486
933.44535	2.3836
925.75449	2.36505
918.02075	2.35857
910.33227	2.36511
902.60854	2.36891
894.93467	2.35742
887.15401	2.34217
879.50748	2.32712
871.76358	2.31095
864.08019	2.29725
856.31101	2.28744
848.60828	2.29587
840.90145	2.32993
833.19447	2.35177
825.49117	2.34745
817.72835	2.34003
810.04455	2.33789
802.31065	2.33685
794.59674	2.32666
786.90589	2.31047
779.1803	2.29168
771.48588	2.27516
763.7669	2.25837
756.02933	2.28314
748.33495	2.36202
740.63102	2.40092
732.86918	2.37645
725.16316	2.34812
717.46305	2.33572
709.77358	2.32705
702.04999	2.32183
694.2998	2.3151
686.62455	2.30534
678.88663	2.29767
671.18599	2.29646
663.48195	2.29522
655.7377	2.28804
648.04614	2.28389
640.32785	2.27927
632.59109	2.26922
624.88283	2.26781
617.16966	2.27611
609.4588	2.2799
601.75713	2.27755
594.03588	2.26965
586.30394	2.2645
578.60325	2.26214
570.87401	2.25397
563.15819	2.24388
555.46298	2.24526
547.73512	2.24938
540.01512	2.24321
532.3113	2.23639
524.60392	2.2289
516.876	2.21352
509.16497	2.20669
501.45422	2.21442
	
